% Drone Parameters
m_quad = 0.27;
d = 39.73*10^-3;
r = 23.1348*10^-3;
